0 0.000616625
1 0.00400683
2 0.00891703
3 0.0166525
4 0.0327034
5 0.0864412
6 128.058
7 255.757
8 128.053
9 0.0965491
10 0.0499259
11 0.0448751
12 0.058334
13 0.11617
14 128.013
15 255.858
16 256.084
17 255.927
18 256.079
19 255.87
20 127.986
21 0.194306
22 128.011
23 255.783
24 128.036
25 0.107564
26 0.0583308
27 0.0561216
28 0.100519
29 128.05
30 255.76
31 128.055
32 0.0899376
33 0.0366637
34 0.0212423
35 0.0143433
36 0.0105509
37 0.00819351
38 0.00660343
39 0.00546687
40 0.00461872
41 0.00396451
42 0.00344655
43 0.00302773
44 0.00268316
45 0.00239555
46 0.0021525
47 0.00194495
48 0.00176609
49 0.0016107
50 0.00147476
51 0.00135508
52 0.00124911
53 0.00115481
54 0.00107051
55 0.000994821
56 0.000926608
57 0.000864912
58 0.000808929
59 0.000757974
60 0.000711465
61 0.000668902
62 0.000629854
63 0.000593948
64 0.000560859
65 0.000530305
66 0.000502035
67 0.000475832
68 0.000451503
69 0.000428875
70 0.000407798
71 0.000388136
72 0.000369768
73 0.000352585
74 0.00033649
75 0.000321395
76 0.000307222
77 0.000293899
78 0.000281361
79 0.000269549
80 0.000258411
81 0.000247897
82 0.000237964
83 0.00022857
84 0.000219679
85 0.000211256
86 0.00020327
87 0.000195693
88 0.000188499
89 0.000181662
90 0.00017516
91 0.000168974
92 0.000163082
93 0.000157468
94 0.000152115
95 0.000147009
96 0.000142133
97 0.000137476
98 0.000133025
99 0.000128768
100 0.000124696
101 0.000120797
102 0.000117063
103 0.000113484
104 0.000110053
105 0.000106762
106 0.000103603
107 0.000100571
108 9.76585e-05
109 9.48597e-05
110 9.2169e-05
111 8.95812e-05
112 8.70914e-05
113 8.46948e-05
114 8.23872e-05
115 8.01644e-05
116 7.80224e-05
117 7.59576e-05
118 7.39665e-05
119 7.20458e-05
120 7.01923e-05
121 6.8403e-05
122 6.66753e-05
123 6.50065e-05
124 6.33939e-05
125 6.18353e-05
126 6.03284e-05
127 5.8871e-05
128 5.74611e-05
129 5.60967e-05
130 5.4776e-05
131 5.34973e-05
132 5.22588e-05
133 5.1059e-05
134 4.98964e-05
135 4.87695e-05
136 4.7677e-05
137 4.66175e-05
138 4.55898e-05
139 4.45926e-05
140 4.36249e-05
141 4.26856e-05
142 4.17735e-05
143 4.08878e-05
144 4.00275e-05
145 3.91916e-05
146 3.83792e-05
147 3.75897e-05
148 3.68221e-05
149 3.60756e-05
150 3.53497e-05
151 3.46434e-05
152 3.39563e-05
153 3.32876e-05
154 3.26367e-05
155 3.2003e-05
156 3.13859e-05
157 3.0785e-05
158 3.01996e-05
159 2.96293e-05
160 2.90736e-05
161 2.8532e-05
162 2.8004e-05
163 2.74893e-05
164 2.69874e-05
165 2.64979e-05
166 2.60205e-05
167 2.55547e-05
168 2.51002e-05
169 2.46567e-05
170 2.42238e-05
171 2.38012e-05
172 2.33887e-05
173 2.29858e-05
174 2.25923e-05
175 2.2208e-05
176 2.18326e-05
177 2.14658e-05
178 2.11074e-05
179 2.07571e-05
180 2.04147e-05
181 2.008e-05
182 1.97527e-05
183 1.94327e-05
184 1.91198e-05
185 1.88137e-05
186 1.85143e-05
187 1.82213e-05
188 1.79347e-05
189 1.76543e-05
190 1.73798e-05
191 1.71111e-05
192 1.68481e-05
193 1.65906e-05
194 1.63385e-05
195 1.60916e-05
196 1.58498e-05
197 1.56129e-05
198 1.53809e-05
199 1.51536e-05
200 1.49309e-05
201 1.47127e-05
202 1.44988e-05
203 1.42892e-05
204 1.40837e-05
205 1.38823e-05
206 1.36848e-05
207 1.34912e-05
208 1.33013e-05
209 1.31151e-05
210 1.29324e-05
211 1.27533e-05
212 1.25775e-05
213 1.24051e-05
214 1.22359e-05
215 1.20699e-05
216 1.1907e-05
217 1.17471e-05
218 1.15902e-05
219 1.14361e-05
220 1.12849e-05
221 1.11364e-05
222 1.09906e-05
223 1.08474e-05
224 1.07069e-05
225 1.05688e-05
226 1.04332e-05
227 1.02999e-05
228 1.01691e-05
229 1.00405e-05
230 9.91418e-06
231 9.79005e-06
232 9.66807e-06
233 9.5482e-06
234 9.43039e-06
235 9.31459e-06
236 9.20076e-06
237 9.08886e-06
238 8.97885e-06
239 8.87068e-06
240 8.76433e-06
241 8.65975e-06
242 8.5569e-06
243 8.45575e-06
244 8.35627e-06
245 8.25842e-06
246 8.16216e-06
247 8.06747e-06
248 7.97431e-06
249 7.88266e-06
250 7.79247e-06
251 7.70373e-06
252 7.6164e-06
253 7.53046e-06
254 7.44587e-06
255 7.36262e-06
256 7.28067e-06
257 7.2e-06
258 7.12058e-06
259 7.0424e-06
260 6.96542e-06
261 6.88963e-06
262 6.815e-06
263 6.74151e-06
264 6.66914e-06
265 6.59786e-06
266 6.52766e-06
267 6.45851e-06
268 6.3904e-06
269 6.32331e-06
270 6.25722e-06
271 6.1921e-06
272 6.12795e-06
273 6.06474e-06
274 6.00246e-06
275 5.94109e-06
276 5.88061e-06
277 5.82101e-06
278 5.76227e-06
279 5.70438e-06
280 5.64732e-06
281 5.59108e-06
282 5.53564e-06
283 5.48099e-06
284 5.42712e-06
285 5.374e-06
286 5.32163e-06
287 5.27e-06
288 5.21909e-06
289 5.16889e-06
290 5.11939e-06
291 5.07058e-06
292 5.02244e-06
293 4.97496e-06
294 4.92813e-06
295 4.88195e-06
296 4.83639e-06
297 4.79146e-06
298 4.74713e-06
299 4.70341e-06
300 4.66027e-06
301 4.61772e-06
302 4.57573e-06
303 4.53431e-06
304 4.49344e-06
305 4.45311e-06
306 4.41332e-06
307 4.37405e-06
308 4.3353e-06
309 4.29706e-06
310 4.25933e-06
311 4.22208e-06
312 4.18532e-06
313 4.14904e-06
314 4.11323e-06
315 4.07789e-06
316 4.043e-06
317 4.00856e-06
318 3.97457e-06
319 3.94101e-06
320 3.90787e-06
321 3.87517e-06
322 3.84287e-06
323 3.81099e-06
324 3.77952e-06
325 3.74844e-06
326 3.71775e-06
327 3.68745e-06
328 3.65753e-06
329 3.62798e-06
330 3.59881e-06
331 3.57e-06
332 3.54155e-06
333 3.51345e-06
334 3.4857e-06
335 3.4583e-06
336 3.43123e-06
337 3.4045e-06
338 3.3781e-06
339 3.35203e-06
340 3.32627e-06
341 3.30083e-06
342 3.2757e-06
343 3.25088e-06
344 3.22637e-06
345 3.20215e-06
346 3.17823e-06
347 3.15459e-06
348 3.13125e-06
349 3.10819e-06
350 3.08541e-06
351 3.0629e-06
352 3.04067e-06
353 3.0187e-06
354 2.997e-06
355 2.97556e-06
356 2.95438e-06
357 2.93346e-06
358 2.91279e-06
359 2.89236e-06
360 2.87218e-06
361 2.85224e-06
362 2.83255e-06
363 2.81309e-06
364 2.79386e-06
365 2.77486e-06
366 2.75609e-06
367 2.73755e-06
368 2.71922e-06
369 2.70112e-06
370 2.68324e-06
371 2.66556e-06
372 2.6481e-06
373 2.63085e-06
374 2.61381e-06
375 2.59697e-06
376 2.58033e-06
377 2.56389e-06
378 2.54765e-06
379 2.53161e-06
380 2.51576e-06
381 2.5001e-06
382 2.48462e-06
383 2.46934e-06
384 2.45424e-06
385 2.43932e-06
386 2.42458e-06
387 2.41002e-06
388 2.39564e-06
389 2.38143e-06
390 2.3674e-06
391 2.35354e-06
392 2.33984e-06
393 2.32632e-06
394 2.31296e-06
395 2.29976e-06
396 2.28673e-06
397 2.27386e-06
398 2.26115e-06
399 2.24859e-06
400 2.23619e-06
401 2.22395e-06
402 2.21186e-06
403 2.19992e-06
404 2.18814e-06
405 2.1765e-06
406 2.16501e-06
407 2.15366e-06
408 2.14247e-06
409 2.13141e-06
410 2.1205e-06
411 2.10973e-06
412 2.0991e-06
413 2.0886e-06
414 2.07825e-06
415 2.06803e-06
416 2.05795e-06
417 2.048e-06
418 2.03818e-06
419 2.0285e-06
420 2.01894e-06
421 2.00952e-06
422 2.00023e-06
423 1.99106e-06
424 1.98202e-06
425 1.97311e-06
426 1.96432e-06
427 1.95565e-06
428 1.94711e-06
429 1.93869e-06
430 1.9304e-06
431 1.92222e-06
432 1.91416e-06
433 1.90622e-06
434 1.8984e-06
435 1.8907e-06
436 1.88311e-06
437 1.87564e-06
438 1.86829e-06
439 1.86104e-06
440 1.85392e-06
441 1.8469e-06
442 1.84e-06
443 1.83321e-06
444 1.82653e-06
445 1.81996e-06
446 1.8135e-06
447 1.80715e-06
448 1.8009e-06
449 1.79477e-06
450 1.78874e-06
451 1.78282e-06
452 1.77701e-06
453 1.7713e-06
454 1.76569e-06
455 1.76019e-06
456 1.7548e-06
457 1.74951e-06
458 1.74432e-06
459 1.73923e-06
460 1.73425e-06
461 1.72937e-06
462 1.72459e-06
463 1.71991e-06
464 1.71533e-06
465 1.71085e-06
466 1.70648e-06
467 1.7022e-06
468 1.69802e-06
469 1.69394e-06
470 1.68995e-06
471 1.68607e-06
472 1.68228e-06
473 1.67859e-06
474 1.675e-06
475 1.67151e-06
476 1.66811e-06
477 1.6648e-06
478 1.6616e-06
479 1.65849e-06
480 1.65547e-06
481 1.65255e-06
482 1.64972e-06
483 1.64699e-06
484 1.64436e-06
485 1.64182e-06
486 1.63937e-06
487 1.63702e-06
488 1.63476e-06
489 1.63259e-06
490 1.63052e-06
491 1.62854e-06
492 1.62665e-06
493 1.62486e-06
494 1.62316e-06
495 1.62155e-06
496 1.62003e-06
497 1.61861e-06
498 1.61728e-06
499 1.61604e-06
500 1.61489e-06
501 1.61384e-06
502 1.61288e-06
503 1.61201e-06
504 1.61123e-06
505 1.61054e-06
506 1.60994e-06
507 1.60944e-06
508 1.60903e-06
509 1.60871e-06
510 1.60848e-06
511 1.60834e-06
512 1.6083e-06
513 1.60834e-06
514 1.60848e-06
515 1.60871e-06
516 1.60903e-06
517 1.60944e-06
518 1.60994e-06
519 1.61054e-06
520 1.61123e-06
521 1.61201e-06
522 1.61288e-06
523 1.61384e-06
524 1.61489e-06
525 1.61604e-06
526 1.61728e-06
527 1.61861e-06
528 1.62003e-06
529 1.62155e-06
530 1.62316e-06
531 1.62486e-06
532 1.62665e-06
533 1.62854e-06
534 1.63052e-06
535 1.63259e-06
536 1.63476e-06
537 1.63702e-06
538 1.63937e-06
539 1.64182e-06
540 1.64436e-06
541 1.64699e-06
542 1.64972e-06
543 1.65255e-06
544 1.65547e-06
545 1.65849e-06
546 1.6616e-06
547 1.6648e-06
548 1.66811e-06
549 1.67151e-06
550 1.675e-06
551 1.67859e-06
552 1.68228e-06
553 1.68607e-06
554 1.68995e-06
555 1.69394e-06
556 1.69802e-06
557 1.7022e-06
558 1.70648e-06
559 1.71085e-06
560 1.71533e-06
561 1.71991e-06
562 1.72459e-06
563 1.72937e-06
564 1.73425e-06
565 1.73923e-06
566 1.74432e-06
567 1.74951e-06
568 1.7548e-06
569 1.76019e-06
570 1.76569e-06
571 1.7713e-06
572 1.77701e-06
573 1.78282e-06
574 1.78874e-06
575 1.79477e-06
576 1.8009e-06
577 1.80715e-06
578 1.8135e-06
579 1.81996e-06
580 1.82653e-06
581 1.83321e-06
582 1.84e-06
583 1.8469e-06
584 1.85392e-06
585 1.86104e-06
586 1.86829e-06
587 1.87564e-06
588 1.88311e-06
589 1.8907e-06
590 1.8984e-06
591 1.90622e-06
592 1.91416e-06
593 1.92222e-06
594 1.9304e-06
595 1.93869e-06
596 1.94711e-06
597 1.95565e-06
598 1.96432e-06
599 1.97311e-06
600 1.98202e-06
601 1.99106e-06
602 2.00023e-06
603 2.00952e-06
604 2.01894e-06
605 2.0285e-06
606 2.03818e-06
607 2.048e-06
608 2.05795e-06
609 2.06803e-06
610 2.07825e-06
611 2.0886e-06
612 2.0991e-06
613 2.10973e-06
614 2.1205e-06
615 2.13141e-06
616 2.14247e-06
617 2.15366e-06
618 2.16501e-06
619 2.1765e-06
620 2.18814e-06
621 2.19992e-06
622 2.21186e-06
623 2.22395e-06
624 2.23619e-06
625 2.24859e-06
626 2.26115e-06
627 2.27386e-06
628 2.28673e-06
629 2.29976e-06
630 2.31296e-06
631 2.32632e-06
632 2.33984e-06
633 2.35354e-06
634 2.3674e-06
635 2.38143e-06
636 2.39564e-06
637 2.41002e-06
638 2.42458e-06
639 2.43932e-06
640 2.45424e-06
641 2.46934e-06
642 2.48462e-06
643 2.5001e-06
644 2.51576e-06
645 2.53161e-06
646 2.54765e-06
647 2.56389e-06
648 2.58033e-06
649 2.59697e-06
650 2.61381e-06
651 2.63085e-06
652 2.6481e-06
653 2.66556e-06
654 2.68324e-06
655 2.70112e-06
656 2.71922e-06
657 2.73755e-06
658 2.75609e-06
659 2.77486e-06
660 2.79386e-06
661 2.81309e-06
662 2.83255e-06
663 2.85224e-06
664 2.87218e-06
665 2.89236e-06
666 2.91279e-06
667 2.93346e-06
668 2.95438e-06
669 2.97556e-06
670 2.997e-06
671 3.0187e-06
672 3.04067e-06
673 3.0629e-06
674 3.08541e-06
675 3.10819e-06
676 3.13125e-06
677 3.15459e-06
678 3.17823e-06
679 3.20215e-06
680 3.22637e-06
681 3.25088e-06
682 3.2757e-06
683 3.30083e-06
684 3.32627e-06
685 3.35203e-06
686 3.3781e-06
687 3.4045e-06
688 3.43123e-06
689 3.4583e-06
690 3.4857e-06
691 3.51345e-06
692 3.54155e-06
693 3.57e-06
694 3.59881e-06
695 3.62798e-06
696 3.65753e-06
697 3.68745e-06
698 3.71775e-06
699 3.74844e-06
700 3.77952e-06
701 3.81099e-06
702 3.84287e-06
703 3.87517e-06
704 3.90787e-06
705 3.94101e-06
706 3.97457e-06
707 4.00856e-06
708 4.043e-06
709 4.07789e-06
710 4.11323e-06
711 4.14904e-06
712 4.18532e-06
713 4.22208e-06
714 4.25933e-06
715 4.29706e-06
716 4.3353e-06
717 4.37405e-06
718 4.41332e-06
719 4.45311e-06
720 4.49344e-06
721 4.53431e-06
722 4.57573e-06
723 4.61772e-06
724 4.66027e-06
725 4.70341e-06
726 4.74713e-06
727 4.79146e-06
728 4.83639e-06
729 4.88195e-06
730 4.92813e-06
731 4.97496e-06
732 5.02244e-06
733 5.07058e-06
734 5.11939e-06
735 5.16889e-06
736 5.21909e-06
737 5.27e-06
738 5.32163e-06
739 5.374e-06
740 5.42712e-06
741 5.48099e-06
742 5.53564e-06
743 5.59108e-06
744 5.64732e-06
745 5.70438e-06
746 5.76227e-06
747 5.82101e-06
748 5.88061e-06
749 5.94109e-06
750 6.00246e-06
751 6.06474e-06
752 6.12795e-06
753 6.1921e-06
754 6.25722e-06
755 6.32331e-06
756 6.3904e-06
757 6.45851e-06
758 6.52766e-06
759 6.59786e-06
760 6.66914e-06
761 6.74151e-06
762 6.815e-06
763 6.88963e-06
764 6.96542e-06
765 7.0424e-06
766 7.12058e-06
767 7.2e-06
768 7.28067e-06
769 7.36262e-06
770 7.44587e-06
771 7.53046e-06
772 7.6164e-06
773 7.70373e-06
774 7.79247e-06
775 7.88266e-06
776 7.97431e-06
777 8.06747e-06
778 8.16216e-06
779 8.25842e-06
780 8.35627e-06
781 8.45575e-06
782 8.5569e-06
783 8.65975e-06
784 8.76433e-06
785 8.87068e-06
786 8.97884e-06
787 9.08886e-06
788 9.20076e-06
789 9.31459e-06
790 9.43039e-06
791 9.5482e-06
792 9.66807e-06
793 9.79005e-06
794 9.91418e-06
795 1.00405e-05
796 1.01691e-05
797 1.02999e-05
798 1.04332e-05
799 1.05688e-05
800 1.07069e-05
801 1.08474e-05
802 1.09906e-05
803 1.11364e-05
804 1.12849e-05
805 1.14361e-05
806 1.15902e-05
807 1.17471e-05
808 1.1907e-05
809 1.20699e-05
810 1.22359e-05
811 1.24051e-05
812 1.25775e-05
813 1.27533e-05
814 1.29324e-05
815 1.31151e-05
816 1.33013e-05
817 1.34912e-05
818 1.36848e-05
819 1.38823e-05
820 1.40837e-05
821 1.42892e-05
822 1.44988e-05
823 1.47127e-05
824 1.49309e-05
825 1.51536e-05
826 1.53809e-05
827 1.56129e-05
828 1.58498e-05
829 1.60916e-05
830 1.63385e-05
831 1.65906e-05
832 1.68481e-05
833 1.71111e-05
834 1.73798e-05
835 1.76543e-05
836 1.79347e-05
837 1.82213e-05
838 1.85143e-05
839 1.88137e-05
840 1.91198e-05
841 1.94327e-05
842 1.97527e-05
843 2.008e-05
844 2.04147e-05
845 2.07571e-05
846 2.11074e-05
847 2.14658e-05
848 2.18326e-05
849 2.2208e-05
850 2.25923e-05
851 2.29858e-05
852 2.33887e-05
853 2.38012e-05
854 2.42238e-05
855 2.46567e-05
856 2.51002e-05
857 2.55547e-05
858 2.60205e-05
859 2.64979e-05
860 2.69874e-05
861 2.74893e-05
862 2.8004e-05
863 2.8532e-05
864 2.90736e-05
865 2.96293e-05
866 3.01996e-05
867 3.0785e-05
868 3.13859e-05
869 3.2003e-05
870 3.26367e-05
871 3.32876e-05
872 3.39563e-05
873 3.46434e-05
874 3.53497e-05
875 3.60756e-05
876 3.68221e-05
877 3.75897e-05
878 3.83792e-05
879 3.91916e-05
880 4.00275e-05
881 4.08878e-05
882 4.17735e-05
883 4.26856e-05
884 4.36249e-05
885 4.45926e-05
886 4.55898e-05
887 4.66175e-05
888 4.7677e-05
889 4.87695e-05
890 4.98964e-05
891 5.1059e-05
892 5.22588e-05
893 5.34973e-05
894 5.4776e-05
895 5.60967e-05
896 5.74611e-05
897 5.8871e-05
898 6.03284e-05
899 6.18353e-05
900 6.33939e-05
901 6.50065e-05
902 6.66753e-05
903 6.8403e-05
904 7.01923e-05
905 7.20458e-05
906 7.39665e-05
907 7.59576e-05
908 7.80224e-05
909 8.01644e-05
910 8.23872e-05
911 8.46948e-05
912 8.70914e-05
913 8.95812e-05
914 9.2169e-05
915 9.48597e-05
916 9.76585e-05
917 0.000100571
918 0.000103603
919 0.000106762
920 0.000110053
921 0.000113484
922 0.000117063
923 0.000120797
924 0.000124696
925 0.000128768
926 0.000133025
927 0.000137476
928 0.000142133
929 0.000147009
930 0.000152115
931 0.000157468
932 0.000163082
933 0.000168974
934 0.00017516
935 0.000181662
936 0.000188499
937 0.000195693
938 0.00020327
939 0.000211256
940 0.000219679
941 0.00022857
942 0.000237964
943 0.000247897
944 0.000258411
945 0.000269549
946 0.000281361
947 0.000293899
948 0.000307222
949 0.000321395
950 0.00033649
951 0.000352585
952 0.000369768
953 0.000388136
954 0.000407798
955 0.000428875
956 0.000451503
957 0.000475832
958 0.000502035
959 0.000530305
960 0.000560859
961 0.000593948
962 0.000629854
963 0.000668902
964 0.000711465
965 0.000757974
966 0.000808929
967 0.000864912
968 0.000926608
969 0.000994821
970 0.00107051
971 0.00115481
972 0.00124911
973 0.00135508
974 0.00147476
975 0.0016107
976 0.00176609
977 0.00194495
978 0.0021525
979 0.00239555
980 0.00268316
981 0.00302773
982 0.00344655
983 0.00396451
984 0.00461872
985 0.00546687
986 0.00660343
987 0.00819351
988 0.0105509
989 0.0143433
990 0.0212423
991 0.0366637
992 0.0899376
993 128.055
994 255.76
995 128.05
996 0.100519
997 0.0561216
998 0.0583308
999 0.107564
1000 128.036
1001 255.783
1002 128.011
1003 0.194306
1004 127.986
1005 255.87
1006 256.079
1007 255.927
1008 256.084
1009 255.858
1010 128.013
1011 0.11617
1012 0.058334
1013 0.0448751
1014 0.0499259
1015 0.0965491
1016 128.053
1017 255.757
1018 128.058
1019 0.0864412
1020 0.0327034
1021 0.0166525
1022 0.00891703
1023 0.00400683
