0 0
1 6.40336e-06
2 5.0753e-05
3 0.000168652
4 0.000391135
5 0.000742681
6 0.00123956
7 0.00188859
8 0.00268643
9 0.00361931
10 0.00466341
11 0.00578573
12 0.0069454
13 0.00809553
14 0.00918532
15 0.0101625
16 0.0109757
17 0.0115772
18 0.0119252
19 0.0119859
20 0.0117356
21 0.0111617
22 0.0102639
23 0.00905411
24 0.00755656
25 0.00580661
26 0.00384944
27 0.00173811
28 -0.000468755
29 -0.00270953
30 -0.00492233
31 -0.0070478
32 -0.00903172
33 -0.0108274
34 -0.0123975
35 -0.013716
36 -0.0147685
37 -0.0155529
38 -0.0160785
39 -0.0163657
40 -0.0164432
41 -0.0163469
42 -0.0161159
43 -0.0157903
44 -0.0154077
45 -0.0149998
46 -0.0145894
47 -0.0141879
48 -0.0137926
49 -0.0133857
50 -0.0129334
51 -0.0123859
52 -0.011679
53 -0.0107357
54 -0.00946959
55 -0.00778863
56 -0.0055998
57 -0.00281427
58 0.000647084
59 0.00484802
60 0.00983144
61 0.0156143
62 0.022183
63 0.0294904
64 0.0374526
65 0.0459489
66 0.0548213
67 0.0638774
68 0.0728933
69 0.0816192
70 0.0897859
71 0.0971128
72 0.103317
73 0.108123
74 0.111271
75 0.112532
76 0.111712
77 0.108664
78 0.103297
79 0.0955774
80 0.0855407
81 0.0732882
82 0.0589893
83 0.0428788
84 0.0252521
85 0.00645763
86 -0.0131127
87 -0.0330349
88 -0.0528667
89 -0.0721616
90 -0.0904842
91 -0.107426
92 -0.12262
93 -0.135757
94 -0.146593
95 -0.154967
96 -0.160802
97 -0.164115
98 -0.165016
99 -0.163708
100 -0.160479
101 -0.155697
102 -0.149793
103 -0.14325
104 -0.136584
105 -0.13032
106 -0.12498
107 -0.121051
108 -0.11897
109 -0.119103
110 -0.121723
111 -0.126998
112 -0.134976
113 -0.145575
114 -0.158584
115 -0.173657
116 -0.190323
117 -0.207997
118 -0.225991
119 -0.243541
120 -0.259823
121 -0.273987
122 -0.285183
123 -0.292595
124 -0.29547
125 -0.29315
126 -0.285102
127 -0.270943
128 -0.250464
129 -0.223644
130 -0.190666
131 -0.151918
132 -0.107995
133 -0.0596871
134 -0.00796584
135 0.0460392
136 0.101069
137 0.155769
138 0.208728
139 0.258523
140 0.303758
141 0.343114
142 0.375394
143 0.399559
144 0.414773
145 0.420433
146 0.416196
147 0.401999
148 0.378071
149 0.344932
150 0.30339
151 0.254521
152 0.199646
153 0.140296
154 0.0781722
155 0.0150967
156 -0.0470389
157 -0.10633
158 -0.160917
159 -0.20904
160 -0.249098
161 -0.2797
162 -0.299706
163 -0.308274
164 -0.304881
165 -0.289353
166 -0.261867
167 -0.222956
168 -0.173496
169 -0.11468
170 -0.0479906
171 0.0248473
172 0.101913
173 0.181147
174 0.260417
175 0.337574
176 0.410526
177 0.477294
178 0.53608
179 0.585312
180 0.623704
181 0.650284
182 0.66443
183 0.665882
184 0.654754
185 0.631525
186 0.597023
187 0.552395
188 0.499069
189 0.438708
190 0.373153
191 0.304364
192 0.234357
193 0.165137
194 0.0986367
195 0.0366546
196 -0.0192011
197 -0.0675596
198 -0.107329
199 -0.137723
200 -0.158285
201 -0.168888
202 -0.169739
203 -0.161355
204 -0.14454
205 -0.120349
206 -0.090044
207 -0.0550388
208 -0.0168469
209 0.0229788
210 0.0629046
211 0.101473
212 0.137355
213 0.169398
214 0.196664
215 0.218461
216 0.23436
217 0.244203
218 0.248102
219 0.246422
220 0.239758
221 0.228895
222 0.21477
223 0.198416
224 0.180912
225 0.163321
226 0.146638
227 0.131727
228 0.11928
229 0.109765
230 0.1034
231 0.100122
232 0.0995765
233 0.101123
234 0.103845
235 0.106577
236 0.107944
237 0.106415
238 0.10036
239 0.0881216
240 0.068083
241 0.0387493
242 -0.00117953
243 -0.0527359
244 -0.116618
245 -0.193132
246 -0.282147
247 -0.38306
248 -0.494784
249 -0.615742
250 -0.743889
251 -0.876745
252 -1.01145
253 -1.14482
254 -1.27345
255 -1.39381
256 -1.5023
257 -1.59545
258 -1.66995
259 -1.72279
260 -1.7514
261 -1.7537
262 -1.72821
263 -1.67414
264 -1.59141
265 -1.48068
266 -1.3434
267 -1.18177
268 -0.99871
269 -0.79779
270 -0.583163
271 -0.359457
272 -0.131658
273 0.0950231
274 0.315294
275 0.523929
276 0.715917
277 0.886611
278 1.03187
279 1.14817
280 1.23274
281 1.28364
282 1.29981
283 1.28115
284 1.2285
285 1.14363
286 1.02922
287 0.888778
288 0.72654
289 0.547356
290 0.35656
291 0.159808
292 -0.037073
293 -0.228263
294 -0.408113
295 -0.571309
296 -0.713031
297 -0.829086
298 -0.916041
299 -0.971309
300 -0.993232
301 -0.981124
302 -0.935284
303 -0.856985
304 -0.748431
305 -0.612682
306 -0.45356
307 -0.275528
308 -0.0835499
309 0.117062
310 0.32081
311 0.522178
312 0.715798
313 0.896611
314 1.06001
315 1.202
316 1.31925
317 1.40925
318 1.47035
319 1.50177
320 1.50365
321 1.47698
322 1.42359
323 1.34607
324 1.24764
325 1.13207
326 1.00352
327 0.8664
328 0.725245
329 0.58453
330 0.448545
331 0.321253
332 0.206167
333 0.106247
334 0.0238152
335 -0.0395018
336 -0.0828091
337 -0.10595
338 -0.109488
339 -0.0946622
340 -0.063321
341 -0.0178341
342 0.0390127
343 0.104135
344 0.174276
345 0.24614
346 0.316515
347 0.382406
348 0.441141
349 0.490472
350 0.528656
351 0.554518
352 0.567481
353 0.567583
354 0.555463
355 0.532323
356 0.49987
357 0.460231
358 0.415861
359 0.369426
360 0.323684
361 0.281359
362 0.245017
363 0.216938
364 0.199015
365 0.192649
366 0.198674
367 0.217298
368 0.248071
369 0.289877
370 0.340951
371 0.398927
372 0.460905
373 0.523547
374 0.583187
375 0.635962
376 0.67795
377 0.705321
378 0.714485
379 0.702235
380 0.665885
381 0.603391
382 0.513455
383 0.395603
384 0.250238
385 0.0786661
386 -0.116911
387 -0.333434
388 -0.567047
389 -0.813203
390 -1.06678
391 -1.32221
392 -1.57368
393 -1.81526
394 -2.04112
395 -2.24567
396 -2.4238
397 -2.57098
398 -2.68343
399 -2.75829
400 -2.79365
401 -2.78866
402 -2.74355
403 -2.65966
404 -2.53936
405 -2.38603
406 -2.20392
407 -1.99805
408 -1.77403
409 -1.53789
410 -1.29592
411 -1.05441
412 -0.819512
413 -0.596987
414 -0.392062
415 -0.209237
416 -0.0521499
417 0.0765427
418 0.175248
419 0.243487
420 0.281901
421 0.292228
422 0.277234
423 0.240615
424 0.186858
425 0.121086
426 0.0488641
427 -0.0239947
428 -0.0916477
429 -0.148437
430 -0.189099
431 -0.208971
432 -0.204165
433 -0.171735
434 -0.109798
435 -0.0176289
436 0.104284
437 0.254227
438 0.429286
439 0.625419
440 0.837563
441 1.05978
442 1.28542
443 1.50737
444 1.71821
445 1.9105
446 2.07703
447 2.21102
448 2.30638
449 2.3579
450 2.3615
451 2.31431
452 2.21484
453 2.06306
454 1.86043
455 1.60989
456 1.31582
457 0.983951
458 0.621202
459 0.235536
460 -0.164259
461 -0.568801
462 -0.968367
463 -1.35315
464 -1.71354
465 -2.04036
466 -2.32515
467 -2.56038
468 -2.73963
469 -2.85781
470 -2.91128
471 -2.89793
472 -2.81721
473 -2.67019
474 -2.45949
475 -2.18918
476 -1.8647
477 -1.49267
478 -1.08072
479 -0.63726
480 -0.171274
481 0.307933
482 0.790974
483 1.26862
484 1.73201
485 2.17289
486 2.58377
487 2.95808
488 3.29029
489 3.57603
490 3.81208
491 3.99644
492 4.12826
493 4.20782
494 4.2364
495 4.21621
496 4.15021
497 4.04199
498 3.8956
499 3.71539
500 3.50582
501 3.27137
502 3.01631
503 2.74468
504 2.46011
505 2.1658
506 1.86446
507 1.5583
508 1.249
509 0.937828
510 0.625618
511 0.312905
512 6.24568e-15
513 -0.312899
514 -0.625594
515 -0.937775
516 -1.24891
517 -1.55815
518 -1.86425
519 -2.16551
520 -2.45974
521 -2.74421
522 -3.01574
523 -3.27069
524 -3.50503
525 -3.71448
526 -3.89457
527 -4.04084
528 -4.14895
529 -4.21485
530 -4.23496
531 -4.20631
532 -4.1267
533 -3.99486
534 -3.8105
535 -3.57447
536 -3.2888
537 -2.95668
538 -2.5825
539 -2.17178
540 -1.73109
541 -1.26792
542 -0.790525
543 -0.307752
544 0.17117
545 0.636862
546 1.08002
547 1.49168
548 1.86343
549 2.18765
550 2.45772
551 2.66822
552 2.81507
553 2.89567
554 2.90897
555 2.85548
556 2.73734
557 2.55819
558 2.32312
559 2.03854
560 1.71198
561 1.35189
562 0.967447
563 0.56825
564 0.164096
565 -0.235299
566 -0.620563
567 -0.982921
568 -1.31442
569 -1.60814
570 -1.85838
571 -2.06074
572 -2.21231
573 -2.31162
574 -2.35871
575 -2.35507
576 -2.30356
577 -2.20828
578 -2.07441
579 -1.90806
580 -1.71597
581 -1.50538
582 -1.2837
583 -1.05834
584 -0.836407
585 -0.624544
586 -0.428677
587 -0.253861
588 -0.104132
589 0.0176029
590 0.109634
591 0.171475
592 0.203851
593 0.208645
594 0.188801
595 0.148199
596 0.0914993
597 0.0239553
598 -0.048783
599 -0.120882
600 -0.186541
601 -0.240201
602 -0.276751
603 -0.291713
604 -0.281399
605 -0.243048
606 -0.174929
607 -0.0764016
608 0.0520528
609 0.208843
610 0.391315
611 0.595838
612 0.817917
613 1.05234
614 1.29334
615 1.5348
616 1.77043
617 1.99396
618 2.19936
619 2.38104
620 2.534
621 2.65399
622 2.73764
623 2.78259
624 2.78751
625 2.75217
626 2.67742
627 2.56516
628 2.41827
629 2.2405
630 2.03637
631 1.811
632 1.56995
633 1.31905
634 1.0642
635 0.811224
636 0.565655
637 0.332607
638 0.116619
639 -0.0784677
640 -0.249602
641 -0.394588
642 -0.512127
643 -0.601816
644 -0.664132
645 -0.700371
646 -0.712572
647 -0.703417
648 -0.676104
649 -0.634216
650 -0.581574
651 -0.522087
652 -0.459609
653 -0.397796
654 -0.339977
655 -0.289042
656 -0.247351
657 -0.216662
658 -0.198088
659 -0.192077
660 -0.198419
661 -0.216283
662 -0.244271
663 -0.280496
664 -0.322683
665 -0.368275
666 -0.414556
667 -0.458776
668 -0.498278
669 -0.530615
670 -0.553667
671 -0.565734
672 -0.565619
673 -0.552685
674 -0.526896
675 -0.488826
676 -0.43965
677 -0.381105
678 -0.31543
679 -0.24529
680 -0.17367
681 -0.10377
682 -0.0388751
683 0.0177707
684 0.0630945
685 0.0943211
686 0.109091
687 0.105563
688 0.0825044
689 0.0393554
690 -0.0237263
691 -0.105848
692 -0.205387
693 -0.32003
694 -0.446826
695 -0.582274
696 -0.722426
697 -0.86301
698 -0.999562
699 -1.12758
700 -1.24266
701 -1.34066
702 -1.41783
703 -1.47096
704 -1.49748
705 -1.49557
706 -1.46424
707 -1.40336
708 -1.31369
709 -1.1969
710 -1.05549
711 -0.892761
712 -0.712705
713 -0.519907
714 -0.319406
715 -0.116547
716 0.0831793
717 0.274298
718 0.451523
719 0.609912
720 0.745025
721 0.85306
722 0.930973
723 0.976572
724 0.988595
725 0.966745
726 0.91171
727 0.825142
728 0.709616
729 0.568557
730 0.406134
731 0.227149
732 0.036891
733 -0.159019
734 -0.354787
735 -0.544618
736 -0.722882
737 -0.884275
738 -1.02397
739 -1.13776
740 -1.22215
741 -1.2745
742 -1.29302
743 -1.27689
744 -1.22622
745 -1.14206
746 -1.02634
747 -0.881832
748 -0.712034
749 -0.52107
750 -0.313563
751 -0.0944981
752 0.130926
753 0.357447
754 0.579881
755 0.793272
756 0.99302
757 1.175
758 1.33565
759 1.47208
760 1.58211
761 1.66431
762 1.718
763 1.74327
764 1.74092
765 1.71242
766 1.65983
767 1.58573
768 1.49309
769 1.38521
770 1.26555
771 1.13767
772 1.00509
773 0.871201
774 0.739157
775 0.611801
776 0.491597
777 0.380578
778 0.280307
779 0.191865
780 0.115848
781 0.0523857
782 0.00117165
783 -0.0384888
784 -0.0676224
785 -0.0875218
786 -0.0996732
787 -0.105682
788 -0.107195
789 -0.105833
790 -0.103116
791 -0.100409
792 -0.0988689
793 -0.0994055
794 -0.102656
795 -0.108971
796 -0.118411
797 -0.130761
798 -0.145556
799 -0.162109
800 -0.179561
801 -0.196925
802 -0.213145
803 -0.227153
804 -0.237921
805 -0.244523
806 -0.246177
807 -0.242297
808 -0.232519
809 -0.216735
810 -0.1951
811 -0.168042
812 -0.136248
813 -0.10065
814 -0.0623914
815 -0.0227901
816 0.0167077
817 0.0545811
818 0.0892903
819 0.119335
820 0.143314
821 0.159978
822 0.168281
823 0.167429
824 0.156908
825 0.136517
826 0.106383
827 0.0669603
828 0.0190296
829 -0.0363251
830 -0.0977442
831 -0.163633
832 -0.232208
833 -0.301555
834 -0.369686
835 -0.434604
836 -0.494369
837 -0.547158
838 -0.591325
839 -0.625457
840 -0.64842
841 -0.659397
842 -0.657915
843 -0.643865
844 -0.617505
845 -0.579454
846 -0.530677
847 -0.472451
848 -0.406331
849 -0.334101
850 -0.257719
851 -0.179257
852 -0.100842
853 -0.0245843
854 0.0474791
855 0.113449
856 0.171621
857 0.220529
858 0.258995
859 0.286157
860 0.30149
861 0.304819
862 0.296324
863 0.27652
864 0.246245
865 0.206628
866 0.159046
867 0.105085
868 0.0464839
869 -0.0149172
870 -0.0772359
871 -0.138603
872 -0.197218
873 -0.251402
874 -0.299644
875 -0.34064
876 -0.37333
877 -0.396919
878 -0.410895
879 -0.415035
880 -0.409406
881 -0.394348
882 -0.370459
883 -0.338567
884 -0.2997
885 -0.255041
886 -0.205894
887 -0.153636
888 -0.0996739
889 -0.0453985
890 0.00785405
891 0.0588425
892 0.106454
893 0.149732
894 0.187898
895 0.22037
896 0.246765
897 0.266907
898 0.280818
899 0.288706
900 0.290951
901 0.288081
902 0.280743
903 0.269683
904 0.255704
905 0.239645
906 0.222343
907 0.204608
908 0.187193
909 0.170774
910 0.155926
911 0.143112
912 0.13267
913 0.124808
914 0.119603
915 0.117008
916 0.116857
917 0.118879
918 0.122715
919 0.127935
920 0.134057
921 0.140573
922 0.146965
923 0.152726
924 0.157384
925 0.160517
926 0.161765
927 0.160846
928 0.157564
929 0.151812
930 0.143576
931 0.132931
932 0.120039
933 0.105138
934 0.0885346
935 0.0705885
936 0.0517006
937 0.0322975
938 0.0128164
939 -0.00630994
940 -0.0246675
941 -0.0418736
942 -0.0575889
943 -0.0715261
944 -0.0834574
945 -0.0932192
946 -0.100714
947 -0.105911
948 -0.108843
949 -0.109603
950 -0.108334
951 -0.105229
952 -0.100512
953 -0.0944385
954 -0.0872771
955 -0.0793048
956 -0.0707952
957 -0.0620108
958 -0.0531946
959 -0.0445641
960 -0.0363059
961 -0.0285729
962 -0.0214816
963 -0.0151123
964 -0.00951003
965 -0.00468681
966 -0.000625189
967 0.00271736
968 0.00540348
969 0.00751056
970 0.00912518
971 0.0103378
972 0.0112378
973 0.0119088
974 0.0124251
975 0.0128489
976 0.0132278
977 0.0135946
978 0.013966
979 0.0143446
980 0.0147193
981 0.0150684
982 0.0153616
983 0.0155631
984 0.0156352
985 0.0155409
986 0.015247
987 0.0147269
988 0.0139626
989 0.0129463
990 0.0116815
991 0.0101832
992 0.00847773
993 0.00660171
994 0.0046005
995 0.00252634
996 0.000435946
997 -0.00161201
998 -0.0035596
999 -0.0053522
1000 -0.00694099
1001 -0.00828508
1002 -0.00935327
1003 -0.0101253
1004 -0.0105927
1005 -0.0107587
1006 -0.0106381
1007 -0.0102563
1008 -0.00964754
1009 -0.00885345
1010 -0.00792067
1011 -0.00689851
1012 -0.00583649
1013 -0.00478191
1014 -0.00377759
1015 -0.00285985
1016 -0.00205689
1017 -0.00138759
1018 -0.000860834
1019 -0.000475329
1020 -0.000220018
1021 -7.49574e-05
1022 -1.26884e-05
1023 -0
