0 0
1 0.0626483
2 0.125051
3 0.186961
4 0.248138
5 0.308339
6 0.36733
7 0.424877
8 0.480755
9 0.534744
10 0.586632
11 0.636216
12 0.6833
13 0.727699
14 0.76924
15 0.807759
16 0.843104
17 0.875137
18 0.903732
19 0.928777
20 0.950172
21 0.967835
22 0.981695
23 0.991699
24 0.997806
25 0.999994
26 0.998252
27 0.992589
28 0.983027
29 0.969602
30 0.952369
31 0.931393
32 0.906759
33 0.878562
34 0.846914
35 0.811938
36 0.773773
37 0.732567
38 0.688484
39 0.641696
40 0.592386
41 0.54075
42 0.486989
43 0.431315
44 0.373946
45 0.315108
46 0.255032
47 0.193955
48 0.132115
49 0.0697565
50 0.00712373
51 -0.055537
52 -0.11798
53 -0.179959
54 -0.241231
55 -0.301555
56 -0.360695
57 -0.418417
58 -0.474496
59 -0.52871
60 -0.580848
61 -0.630703
62 -0.678081
63 -0.722795
64 -0.764669
65 -0.803539
66 -0.839252
67 -0.871668
68 -0.90066
69 -0.926113
70 -0.947927
71 -0.966018
72 -0.980313
73 -0.990758
74 -0.997309
75 -0.999943
76 -0.998648
77 -0.99343
78 -0.984309
79 -0.971321
80 -0.954517
81 -0.933963
82 -0.90974
83 -0.881942
84 -0.85068
85 -0.816076
86 -0.778266
87 -0.737398
88 -0.693633
89 -0.647143
90 -0.598111
91 -0.546728
92 -0.493198
93 -0.437731
94 -0.380543
95 -0.321861
96 -0.261914
97 -0.200938
98 -0.139173
99 -0.0768611
100 -0.0142471
101 0.0484228
102 0.110903
103 0.172947
104 0.234311
105 0.294755
106 0.354041
107 0.411936
108 0.468213
109 0.52265
110 0.575034
111 0.625159
112 0.672828
113 0.717854
114 0.760059
115 0.799278
116 0.835357
117 0.868155
118 0.897541
119 0.923402
120 0.945634
121 0.964152
122 0.978882
123 0.989766
124 0.996762
125 0.999841
126 0.998993
127 0.99422
128 0.985541
129 0.97299
130 0.956617
131 0.936485
132 0.912674
133 0.885278
134 0.854403
135 0.820172
136 0.782719
137 0.742191
138 0.698747
139 0.652557
140 0.603804
141 0.552679
142 0.499383
143 0.444125
144 0.387122
145 0.328598
146 0.268783
147 0.207912
148 0.146224
149 0.0839618
150 0.0213698
151 -0.0413062
152 -0.10382
153 -0.165926
154 -0.22738
155 -0.28794
156 -0.34737
157 -0.405435
158 -0.461907
159 -0.516564
160 -0.569192
161 -0.619583
162 -0.667541
163 -0.712876
164 -0.75541
165 -0.794977
166 -0.83142
167 -0.864597
168 -0.894377
169 -0.920644
170 -0.943294
171 -0.962237
172 -0.977401
173 -0.988724
174 -0.996164
175 -0.999689
176 -0.999287
177 -0.99496
178 -0.986723
179 -0.97461
180 -0.958668
181 -0.93896
182 -0.915562
183 -0.888568
184 -0.858083
185 -0.824227
186 -0.787133
187 -0.746946
188 -0.703825
189 -0.657939
190 -0.609468
191 -0.558602
192 -0.505542
193 -0.450496
194 -0.39368
195 -0.335317
196 -0.275637
197 -0.214874
198 -0.153267
199 -0.0910582
200 -0.0284913
201 0.0341875
202 0.0967321
203 0.158897
204 0.220437
205 0.281111
206 0.340681
207 0.398912
208 0.455577
209 0.510451
210 0.56332
211 0.613976
212 0.66222
213 0.707862
214 0.750723
215 0.790635
216 0.827441
217 0.860996
218 0.891168
219 0.917839
220 0.940905
221 0.960274
222 0.97587
223 0.987633
224 0.995515
225 0.999486
226 0.999531
227 0.995649
228 0.987855
229 0.97618
230 0.96067
231 0.941386
232 0.918404
233 0.891814
234 0.86172
235 0.82824
236 0.791507
237 0.751664
238 0.708868
239 0.663287
240 0.6151
241 0.564497
242 0.511676
243 0.456844
244 0.400218
245 0.34202
246 0.282478
247 0.221826
248 0.160303
249 0.0981501
250 0.0356114
251 -0.0270671
252 -0.0896393
253 -0.151859
254 -0.213483
255 -0.274268
256 -0.333975
257 -0.39237
258 -0.449224
259 -0.504312
260 -0.55742
261 -0.608337
262 -0.656865
263 -0.702812
264 -0.745998
265 -0.786253
266 -0.823419
267 -0.857351
268 -0.887914
269 -0.914988
270 -0.938468
271 -0.958261
272 -0.97429
273 -0.986491
274 -0.994816
275 -0.999233
276 -0.999724
277 -0.996287
278 -0.988937
279 -0.977701
280 -0.962624
281 -0.943766
282 -0.921199
283 -0.895014
284 -0.865312
285 -0.832211
286 -0.79584
287 -0.756343
288 -0.713874
289 -0.668601
290 -0.620701
291 -0.570363
292 -0.517783
293 -0.46317
294 -0.406737
295 -0.348706
296 -0.289305
297 -0.228767
298 -0.167331
299 -0.105237
300 -0.0427297
301 0.0199453
302 0.082542
303 0.144814
304 0.206518
305 0.26741
306 0.327252
307 0.385807
308 0.442848
309 0.498148
310 0.551491
311 0.602668
312 0.651477
313 0.697727
314 0.741235
315 0.781831
316 0.819356
317 0.853662
318 0.884614
319 0.912091
320 0.935984
321 0.956201
322 0.97266
323 0.985299
324 0.994066
325 0.998928
326 0.999866
327 0.996875
328 0.989968
329 0.979172
330 0.964529
331 0.946097
332 0.923948
333 0.898169
334 0.868861
335 0.83614
336 0.800134
337 0.760984
338 0.718845
339 0.673881
340 0.626271
341 0.576199
342 0.523865
343 0.469472
344 0.413234
345 0.355373
346 0.296116
347 0.235696
348 0.17435
349 0.112318
350 0.0498459
351 -0.0128225
352 -0.0754405
353 -0.137762
354 -0.199542
355 -0.260539
356 -0.320512
357 -0.379225
358 -0.436449
359 -0.491958
360 -0.545535
361 -0.596968
362 -0.646056
363 -0.692606
364 -0.736435
365 -0.77737
366 -0.815252
367 -0.84993
368 -0.88127
369 -0.909147
370 -0.933453
371 -0.954091
372 -0.970981
373 -0.984057
374 -0.993266
375 -0.998573
376 -0.999957
377 -0.997413
378 -0.99095
379 -0.980594
380 -0.966385
381 -0.94838
382 -0.926649
383 -0.901278
384 -0.872365
385 -0.840026
386 -0.804386
387 -0.765586
388 -0.723779
389 -0.679128
390 -0.631808
391 -0.582007
392 -0.529919
393 -0.47575
394 -0.419711
395 -0.362023
396 -0.302913
397 -0.242613
398 -0.18136
399 -0.119394
400 -0.0569595
401 0.005699
402 0.0683351
403 0.130703
404 0.192557
405 0.253655
406 0.313756
407 0.372624
408 0.430029
409 0.485744
410 0.539551
411 0.591238
412 0.640602
413 0.68745
414 0.731597
415 0.772869
416 0.811105
417 0.846155
418 0.877881
419 0.906157
420 0.930874
421 0.951933
422 0.969253
423 0.982765
424 0.992415
425 0.998167
426 0.999998
427 0.997899
428 0.991881
429 0.981965
430 0.968192
431 0.950615
432 0.929304
433 0.904341
434 0.875826
435 0.84387
436 0.808598
437 0.77015
438 0.728676
439 0.684339
440 0.637314
441 0.587785
442 0.535947
443 0.482003
444 0.426166
445 0.368654
446 0.309694
447 0.249518
448 0.188361
449 0.126464
450 0.0640702
451 0.00142476
452 -0.0612263
453 -0.123637
454 -0.185562
455 -0.246757
456 -0.306984
457 -0.366004
458 -0.423586
459 -0.479505
460 -0.533539
461 -0.585478
462 -0.635116
463 -0.682259
464 -0.726721
465 -0.768329
466 -0.806918
467 -0.842337
468 -0.874447
469 -0.903121
470 -0.928248
471 -0.949727
472 -0.967475
473 -0.981423
474 -0.991514
475 -0.997711
476 -0.999988
477 -0.998336
478 -0.992762
479 -0.983287
480 -0.96995
481 -0.952802
482 -0.931911
483 -0.907359
484 -0.879242
485 -0.84767
486 -0.812769
487 -0.774674
488 -0.733536
489 -0.689516
490 -0.642788
491 -0.593534
492 -0.541948
493 -0.488233
494 -0.4326
495 -0.375267
496 -0.31646
497 -0.25641
498 -0.195352
499 -0.133527
500 -0.0711777
501 -0.00854845
502 0.0541144
503 0.116565
504 0.178557
505 0.239848
506 0.300196
507 0.359365
508 0.417123
509 0.473241
510 0.527501
511 0.579688
512 0.629597
513 0.677033
514 0.72181
515 0.76375
516 0.80269
517 0.838477
518 0.870969
519 0.90004
520 0.925574
521 0.947473
522 0.965649
523 0.980031
524 0.990563
525 0.997204
526 0.999927
527 0.998721
528 0.993592
529 0.984559
530 0.971659
531 0.954941
532 0.934471
533 0.91033
534 0.882613
535 0.851428
536 0.816898
537 0.779159
538 0.738359
539 0.694658
540 0.648228
541 0.599252
542 0.547921
543 0.494437
544 0.439011
545 0.381861
546 0.32321
547 0.263289
548 0.202334
549 0.140584
550 0.0782815
551 0.0156717
552 -0.0469997
553 -0.109486
554 -0.171543
555 -0.232926
556 -0.293393
557 -0.352708
558 -0.410638
559 -0.466954
560 -0.521435
561 -0.573868
562 -0.624047
563 -0.671773
564 -0.716861
565 -0.759132
566 -0.798421
567 -0.834573
568 -0.867447
569 -0.896912
570 -0.922854
571 -0.94517
572 -0.963773
573 -0.97859
574 -0.989562
575 -0.996646
576 -0.999815
577 -0.999056
578 -0.994372
579 -0.985781
580 -0.973318
581 -0.957031
582 -0.936984
583 -0.913255
584 -0.885939
585 -0.855143
586 -0.820987
587 -0.783605
588 -0.743145
589 -0.699765
590 -0.653636
591 -0.60494
592 -0.553866
593 -0.500617
594 -0.445401
595 -0.388435
596 -0.329943
597 -0.270155
598 -0.209305
599 -0.147633
600 -0.0853814
601 -0.0227942
602 0.0398827
603 0.102403
604 0.164521
605 0.225992
606 0.286576
607 0.346034
608 0.404132
609 0.460642
610 0.515343
611 0.56802
612 0.618464
613 0.666479
614 0.711876
615 0.754476
616 0.794112
617 0.830628
618 0.86388
619 0.893739
620 0.920087
621 0.94282
622 0.961849
623 0.977099
624 0.98851
625 0.996038
626 0.999653
627 0.99934
628 0.995101
629 0.986953
630 0.974928
631 0.959072
632 0.939449
633 0.916134
634 0.889221
635 0.858814
636 0.825033
637 0.788011
638 0.747893
639 0.704836
640 0.659011
641 0.610597
642 0.559783
643 0.506771
644 0.451768
645 0.394989
646 0.336659
647 0.277007
648 0.216266
649 0.154675
650 0.092477
651 0.0299155
652 -0.0327636
653 -0.0953139
654 -0.15749
655 -0.219047
656 -0.279744
657 -0.339341
658 -0.397605
659 -0.454308
660 -0.509225
661 -0.562142
662 -0.612851
663 -0.661152
664 -0.706855
665 -0.749781
666 -0.789762
667 -0.82664
668 -0.86027
669 -0.890521
670 -0.917273
671 -0.940421
672 -0.959875
673 -0.975558
674 -0.987408
675 -0.995379
676 -0.99944
677 -0.999573
678 -0.99578
679 -0.988075
680 -0.976488
681 -0.961065
682 -0.941866
683 -0.918967
684 -0.892457
685 -0.862442
686 -0.829038
687 -0.792377
688 -0.752603
689 -0.709872
690 -0.664352
691 -0.616223
692 -0.565672
693 -0.512899
694 -0.458111
695 -0.401524
696 -0.343359
697 -0.283845
698 -0.223215
699 -0.161709
700 -0.0995678
701 -0.0370353
702 0.0256428
703 0.0882202
704 0.150451
705 0.212091
706 0.272897
707 0.332631
708 0.391059
709 0.44795
710 0.503082
711 0.556236
712 0.607206
713 0.65579
714 0.701798
715 0.745049
716 0.785372
717 0.82261
718 0.856616
719 0.887257
720 0.914413
721 0.937975
722 0.957853
723 0.973968
724 0.986256
725 0.99467
726 0.999176
727 0.999756
728 0.996409
729 0.989147
730 0.977999
731 0.963009
732 0.944236
733 0.921753
734 0.895648
735 0.866025
736 0.833
737 0.796702
738 0.757274
739 0.714871
740 0.66966
741 0.621817
742 0.571532
743 0.519002
744 0.464432
745 0.408038
746 0.350041
747 0.290668
748 0.230154
749 0.168735
750 0.106654
751 0.0441532
752 -0.0185208
753 -0.081122
754 -0.143404
755 -0.205124
756 -0.266037
757 -0.325905
758 -0.384493
759 -0.44157
760 -0.496912
761 -0.550302
762 -0.601531
763 -0.650396
764 -0.696705
765 -0.740278
766 -0.780942
767 -0.818539
768 -0.852919
769 -0.883949
770 -0.911506
771 -0.935482
772 -0.955783
773 -0.972328
774 -0.985054
775 -0.99391
776 -0.998861
777 -0.999888
778 -0.996987
779 -0.990169
780 -0.97946
781 -0.964904
782 -0.946557
783 -0.924492
784 -0.898794
785 -0.869565
786 -0.83692
787 -0.800987
788 -0.761908
789 -0.719834
790 -0.674933
791 -0.627381
792 -0.577363
793 -0.525078
794 -0.470729
795 -0.414531
796 -0.356705
797 -0.297477
798 -0.23708
799 -0.175752
800 -0.113734
801 -0.0512688
802 0.0113978
803 0.0740197
804 0.136351
805 0.198146
806 0.259163
807 0.319162
808 0.377907
809 0.435167
810 0.490718
811 0.54434
812 0.595824
813 0.644968
814 0.691577
815 0.73547
816 0.776473
817 0.814426
818 0.849179
819 0.880596
820 0.908553
821 0.932941
822 0.953663
823 0.970639
824 0.983802
825 0.9931
826 0.998496
827 0.999969
828 0.997514
829 0.99114
830 0.980872
831 0.966751
832 0.948831
833 0.927184
834 0.901894
835 0.873061
836 0.840798
837 0.805232
838 0.766502
839 0.724761
840 0.680173
841 0.632912
842 0.583165
843 0.531127
844 0.477002
845 0.421004
846 0.363351
847 0.304271
848 0.243995
849 0.182761
850 0.120809
851 0.0583819
852 -0.00427426
853 -0.0669136
854 -0.12929
855 -0.191159
856 -0.252276
857 -0.312403
858 -0.371302
859 -0.428742
860 -0.484498
861 -0.538351
862 -0.590088
863 -0.639507
864 -0.686414
865 -0.730625
866 -0.771964
867 -0.810271
868 -0.845395
869 -0.877197
870 -0.905554
871 -0.930352
872 -0.951496
873 -0.968901
874 -0.9825
875 -0.992239
876 -0.99808
877 -1
878 -0.997991
879 -0.992061
880 -0.982234
881 -0.968548
882 -0.951057
883 -0.929829
884 -0.904948
885 -0.876513
886 -0.844633
887 -0.809436
888 -0.771058
889 -0.729651
890 -0.685378
891 -0.638411
892 -0.588937
893 -0.537149
894 -0.483251
895 -0.427454
896 -0.369978
897 -0.311049
898 -0.250897
899 -0.18976
900 -0.127877
901 -0.065492
902 -0.00284951
903 0.0598042
904 0.122223
905 0.184161
906 0.245376
907 0.305627
908 0.364678
909 0.422295
910 0.478254
911 0.532334
912 0.584322
913 0.634015
914 0.681216
915 0.725742
916 0.767416
917 0.806076
918 0.841569
919 0.873755
920 0.902509
921 0.927717
922 0.94928
923 0.967114
924 0.981148
925 0.991328
926 0.997613
927 0.999979
928 0.998417
929 0.992932
930 0.983546
931 0.970296
932 0.953234
933 0.932427
934 0.907957
935 0.879919
936 0.848425
937 0.813598
938 0.775574
939 0.734504
940 0.690548
941 0.643878
942 0.59468
943 0.543145
944 0.489476
945 0.433884
946 0.376587
947 0.317811
948 0.257787
949 0.196749
950 0.134939
951 0.0725988
952 0.00997314
953 -0.0526917
954 -0.115149
955 -0.177155
956 -0.238464
957 -0.298837
958 -0.358035
959 -0.415827
960 -0.471986
961 -0.52629
962 -0.578526
963 -0.62849
964 -0.675984
965 -0.720823
966 -0.76283
967 -0.80184
968 -0.837699
969 -0.870268
970 -0.899418
971 -0.925034
972 -0.947016
973 -0.965278
974 -0.979747
975 -0.990367
976 -0.997096
977 -0.999908
978 -0.998792
979 -0.993752
980 -0.984808
981 -0.971994
982 -0.955363
983 -0.934977
984 -0.910919
985 -0.883282
986 -0.852175
987 -0.817719
988 -0.780052
989 -0.739319
990 -0.695683
991 -0.649313
992 -0.600392
993 -0.549112
994 -0.495675
995 -0.440291
996 -0.383177
997 -0.324558
998 -0.264663
999 -0.203729
1000 -0.141994
1001 -0.0797019
1002 -0.0170963
1003 0.0455765
1004 0.10807
1005 0.170139
1006 0.23154
1007 0.292031
1008 0.351375
1009 0.409338
1010 0.465693
1011 0.520219
1012 0.572701
1013 0.622933
1014 0.670717
1015 0.715867
1016 0.758204
1017 0.797562
1018 0.833788
1019 0.866737
1020 0.896281
1021 0.922304
1022 0.944704
1023 0.963392
